date,date_gap,disp,flags,lat,lon,mask,size,vel_angle
1986292,0,0,2,-79.1,-39,0,0,0
1986296,4,76.468,3,-78.427,-39.75,0,0,0
1986297,1,13.528,3,-78.308,-39.881,0,0,0
1986298,1,8.973,3,-78.229,-39.969,0,0,0
1986299,1,3.253,2,-78.2,-40,0,0,0
1986313,14,11.981,2,-78.3,-39.8,0,0,0
1986348,35,40.339,2,-78,-38.8,0,0,0
1987032,49,35.303,2,-78.2,-40,0,0,0
1987046,14,13.033,2,-78.1,-39.7,0,0,0
1987088,42,24.924,2,-78.3,-40.2,0,0,0
1987130,42,2.25,2,-78.3,-40.3,0,0,0
1987131,1,0.722,3,-78.3,-40.332,0,0,0
1987132,1,1.645,3,-78.3,-40.405,0,0,0
1987133,1,2.192,3,-78.3,-40.503,0,0,0
1987134,1,2.363,3,-78.3,-40.608,0,0,0
1987135,1,2.153,3,-78.3,-40.703,0,0,0
1987136,1,1.568,3,-78.3,-40.773,0,0,0
1987137,1,0.608,2,-78.3,-40.8,0,0,0
1987165,28,69.737,2,-77.7,-39.9,0,0,0
1987186,21,16.177,2,-77.8,-39.4,0,0,0
1987270,84,62.817,2,-78.1,-41.7,0,0,0
1987271,1,4.6,3,-78.063,-41.791,0,0,0
1987272,1,11.138,3,-77.967,-41.935,0,0,0
1987273,1,15.183,3,-77.835,-42.108,0,0,0
1987274,1,16.658,3,-77.69,-42.286,0,0,0
1987275,1,15.572,3,-77.554,-42.444,0,0,0
1987276,1,11.875,3,-77.45,-42.557,0,0,0
1987277,1,5.601,2,-77.4,-42.6,0,0,0
1987291,14,12.114,2,-77.3,-42.4,0,0,0
1987305,14,14.752,2,-77.4,-42.8,0,0,0
1987319,14,12.099,2,-77.5,-43,0,0,0
1987320,1,0.51,3,-77.495,-43,0,0,0
1987321,1,1.332,3,-77.483,-43,0,0,0
1987322,1,1.886,3,-77.466,-43,0,0,0
1987323,1,2.153,3,-77.447,-43,0,0,0
1987324,1,2.131,3,-77.428,-43,0,0,0
1987325,1,1.831,3,-77.411,-43,0,0,0
1987326,1,1.254,2,-77.4,-43,0,0,0
1987347,21,31.2,2,-77.3,-41.8,0,0,0
1987348,1,0.405,3,-77.3,-41.817,0,0,0
1987349,1,1.047,3,-77.3,-41.86,0,0,0
1987350,1,1.43,3,-77.3,-41.918,0,0,0
1987351,1,1.556,3,-77.3,-41.982,0,0,0
1987352,1,1.43,3,-77.3,-42.041,0,0,0
1987353,1,1.047,3,-77.3,-42.083,0,0,0
1987354,1,0.405,2,-77.3,-42.1,0,0,0
1988003,14,11.096,2,-77.2,-42.1,0,0,0
1988004,1,2.899,3,-77.174,-42.095,0,0,0
1988005,1,5.183,3,-77.127,-42.08,0,0,0
1988006,1,6.465,3,-77.069,-42.061,0,0,0
1988007,1,6.756,3,-77.009,-42.039,0,0,0
1988008,1,6.045,3,-76.954,-42.02,0,0,0
1988009,1,4.365,3,-76.915,-42.006,0,0,0
1988010,1,1.67,2,-76.9,-42,0,0,0
1988024,14,22.193,2,-77.1,-42,0,0,0
1988038,14,0,2,-77.1,-42,0,0,0
1988059,21,28.083,2,-77.3,-41.3,0,0,0
1988080,21,20.42,2,-77.2,-42,0,0,0
1988081,1,1.254,3,-77.189,-42,0,0,0
1988082,1,1.831,3,-77.172,-42,0,0,0
1988083,1,2.131,3,-77.153,-42,0,0,0
1988084,1,2.153,3,-77.134,-42,0,0,0
1988085,1,1.886,3,-77.117,-42,0,0,0
1988086,1,1.332,3,-77.105,-42,0,0,0
1988087,1,0.51,2,-77.1,-42,0,0,0
1988101,14,81.325,2,-77.8,-43,0,0,0
1988102,1,3.447,3,-77.785,-43.128,0,0,0
1988103,1,6.057,3,-77.744,-43.299,0,0,0
1988104,1,8,3,-77.685,-43.491,0,0,0
1988105,1,9.071,3,-77.613,-43.679,0,0,0
1988106,1,9.268,3,-77.538,-43.842,0,0,0
1988107,1,8.608,3,-77.464,-43.957,0,0,0
1988108,1,7.189,2,-77.4,-44,0,0,0
1988109,1,6.46,3,-77.342,-43.961,0,0,0
1988110,1,6.892,3,-77.284,-43.861,0,0,0
1988111,1,7.274,3,-77.226,-43.725,0,0,0
1988112,1,7.406,3,-77.168,-43.576,0,0,0
1988113,1,7.199,3,-77.111,-43.439,0,0,0
1988114,1,6.711,3,-77.055,-43.339,0,0,0
1988115,1,6.135,2,-77,-43.3,0,0,0
1988129,14,78.348,2,-76.3,-43.7,0,0,0
1988130,1,0.896,3,-76.3,-43.734,0,0,0
1988131,1,0.88,3,-76.3,-43.768,0,0,0
1988132,1,0.92,3,-76.3,-43.803,0,0,0
1988133,1,1.014,3,-76.3,-43.841,0,0,0
1988134,1,1.167,3,-76.3,-43.886,0,0,0
1988135,1,1.372,3,-76.3,-43.938,0,0,0
1988136,1,1.635,2,-76.3,-44,0,0,0
1988150,14,92.961,2,-76.2,-47.5,0,0,0
1988151,1,2.454,3,-76.2,-47.593,0,0,0
1988152,1,1.946,3,-76.2,-47.666,0,0,0
1988153,1,1.628,3,-76.2,-47.728,0,0,0
1988154,1,1.509,3,-76.2,-47.785,0,0,0
1988155,1,1.575,3,-76.2,-47.844,0,0,0
1988156,1,1.837,3,-76.2,-47.914,0,0,0
1988157,1,2.287,2,-76.2,-48,0,0,0
1988171,14,74.697,2,-75.9,-50.5,0,0,0
1988185,14,17.525,2,-75.8,-50,0,0,0
1988186,1,3.943,3,-75.765,-50.017,0,0,0
1988187,1,7.713,3,-75.696,-50.06,0,0,0
1988188,1,10.04,3,-75.607,-50.118,0,0,0
1988189,1,10.919,3,-75.51,-50.182,0,0,0
1988190,1,10.339,3,-75.418,-50.241,0,0,0
1988191,1,8.321,3,-75.343,-50.283,0,0,0
1988192,1,4.839,2,-75.3,-50.3,0,0,0
1988193,1,2.5,3,-75.279,-50.265,0,0,0
1988194,1,3.132,3,-75.264,-50.173,0,0,0
1988195,1,3.958,3,-75.251,-50.041,0,0,0
1988196,1,4.449,3,-75.241,-49.89,0,0,0
1988197,1,4.501,3,-75.23,-49.736,0,0,0
1988198,1,4.107,3,-75.217,-49.6,0,0,0
1988199,1,3.386,2,-75.2,-49.5,0,0,0
1988200,1,3.559,3,-75.175,-49.422,0,0,0
1988201,1,4.389,3,-75.141,-49.343,0,0,0
1988202,1,4.758,3,-75.103,-49.268,0,0,0
1988203,1,4.614,3,-75.065,-49.202,0,0,0
1988204,1,3.947,3,-75.032,-49.148,0,0,0
1988205,1,2.768,3,-75.009,-49.113,0,0,0
1988206,1,1.033,2,-75,-49.1,0,0,0
1988207,1,2.653,3,-75.017,-49.167,0,0,0
1988208,1,6.839,3,-75.06,-49.338,0,0,0
1988209,1,9.332,3,-75.118,-49.572,0,0,0
1988210,1,10.143,3,-75.182,-49.828,0,0,0
1988211,1,9.294,3,-75.241,-50.062,0,0,0
1988212,1,6.788,3,-75.283,-50.234,0,0,0
1988213,1,2.628,2,-75.3,-50.3,0,0,0
1988214,1,1.059,3,-75.292,-50.278,0,0,0
1988215,1,2.805,3,-75.272,-50.221,0,0,0
1988216,1,3.993,3,-75.242,-50.143,0,0,0
1988217,1,4.647,3,-75.206,-50.057,0,0,0
1988218,1,4.764,3,-75.168,-49.979,0,0,0
1988219,1,4.354,3,-75.131,-49.922,0,0,0
1988220,1,3.541,2,-75.1,-49.9,0,0,0
1988262,42,126.316,2,-74,-51,0,0,0
1988290,28,95.72,2,-74.8,-52.2,0,0,0
1988304,14,122.658,2,-73.7,-51.8,0,0,0
1988318,14,27.167,2,-73.5,-52.3,0,0,0
1988319,1,5.749,3,-73.453,-52.38,0,0,0
1988320,1,9.484,3,-73.375,-52.496,0,0,0
1988321,1,11.543,3,-73.278,-52.63,0,0,0
1988322,1,11.925,3,-73.178,-52.765,0,0,0
1988323,1,10.621,3,-73.089,-52.884,0,0,0
1988324,1,7.616,3,-73.025,-52.968,0,0,0
1988325,1,2.91,2,-73,-53,0,0,0
1988346,21,66.584,2,-73.6,-53,0,0,0
1989029,49,100.493,2,-73.3,-50,0,0,0
1989057,28,119.396,2,-72.4,-52,0,0,0
1989078,21,62.574,2,-72,-53.3,0,0,0
1989092,14,77.766,2,-71.3,-53.2,0,0,0
1989113,21,203.184,2,-69.5,-54.2,0,0,0
1989148,35,136.965,2,-68.3,-55,0,0,0
1989190,42,72.68,2,-67.7,-54.3,0,0,0
1989191,1,4.031,3,-67.666,-54.264,0,0,0
1989192,1,5.492,3,-67.621,-54.213,0,0,0
1989193,1,6.593,3,-67.566,-54.156,0,0,0
1989194,1,7.32,3,-67.503,-54.098,0,0,0
1989195,1,7.702,3,-67.437,-54.049,0,0,0
1989196,1,7.772,3,-67.368,-54.013,0,0,0
1989197,1,7.57,2,-67.3,-54,0,0,0
1989232,35,355.188,2,-64.1,-54.2,0,0,0
1989267,35,500.266,2,-59.8,-51.3,0,0,0
1989288,21,157.814,2,-61.2,-51.8,0,0,0
1989289,1,7.938,3,-61.2,-51.948,0,0,0
1989290,1,16.063,3,-61.2,-52.249,0,0,0
1989291,1,20.786,3,-61.2,-52.637,0,0,0
1989292,1,22.097,3,-61.2,-53.05,0,0,0
1989293,1,20.005,3,-61.2,-53.424,0,0,0
1989294,1,14.501,3,-61.2,-53.696,0,0,0
1989295,1,5.59,2,-61.2,-53.8,0,0,0
1989309,14,138.491,2,-60.1,-52.6,0,0,0
1989351,42,20.013,2,-59.95,-52.4,0,0,0
1990007,21,186.34,2,-58.8,-50,0,0,0
1990008,1,7.905,3,-58.822,-49.869,0,0,0
1990009,1,10.044,3,-58.879,-49.734,0,0,0
1990010,1,11.817,3,-58.957,-49.594,0,0,0
1990011,1,12.54,3,-59.043,-49.45,0,0,0
1990012,1,12.073,3,-59.121,-49.303,0,0,0
1990013,1,10.647,3,-59.178,-49.153,0,0,0
1990014,1,9.017,2,-59.2,-49,0,0,0
1990035,21,220.843,2,-58.5,-45.4,0,0,0
1990049,14,210.571,2,-58.8,-41.8,0,0,0
1990063,14,69.028,2,-58.8,-43,0,0,0
1990084,21,170.419,2,-58,-40.5,0,0,0
