date,date_gap,disp,flags,lat,lon,mask,size,vel_angle
1989267,0,0,3,-76.4,-52.7,0,0,0
1989302,35,36.445,3,-76.2,-53.8,0,0,0
1989303,1,1.368,3,-76.2,-53.852,0,0,0
1989304,1,1.702,3,-76.2,-53.916,0,0,0
1989305,1,1.861,3,-76.2,-53.986,0,0,0
1989306,1,1.853,3,-76.2,-54.056,0,0,0
1989307,1,1.673,3,-76.2,-54.12,0,0,0
1989308,1,1.323,3,-76.2,-54.17,0,0,0
1989309,1,0.807,3,-76.2,-54.2,0,0,0
1989330,21,22.825,3,-76,-54.4,0,0,0
1989344,14,112.877,3,-75.5,-58,0,0,0
1990042,63,22.227,3,-75.5,-57.2,0,0,0
1990175,133,627.184,3,-69.9,-60,0,0,0
1990224,49,22.105,3,-69.8,-60.5,0,0,0
1990252,28,201.828,3,-68.1,-58.7,0,0,0
1990253,1,5.482,3,-68.051,-58.717,0,0,0
1990254,1,5.723,3,-68.002,-58.76,0,0,0
1990255,1,5.839,3,-67.954,-58.818,0,0,0
1990256,1,5.689,3,-67.909,-58.882,0,0,0
1990257,1,5.227,3,-67.867,-58.941,0,0,0
1990258,1,4.452,3,-67.831,-58.983,0,0,0
1990259,1,3.467,3,-67.8,-59,0,0,0
1990294,35,66.6,3,-67.2,-59,0,0,0
1990343,49,99.902,3,-66.3,-59,0,0,0
1991013,35,33.302,3,-66,-59,0,0,0
1991090,77,91.718,3,-65.2,-58.5,0,0,0
1991125,35,217.013,3,-64,-54.9,0,0,0
1991174,49,62.593,3,-63.6,-54,0,0,0
1991175,1,1.038,3,-63.606,-53.983,0,0,0
1991176,1,1.836,3,-63.62,-53.964,0,0,0
1991177,1,2.367,3,-63.639,-53.945,0,0,0
1991178,1,2.507,3,-63.661,-53.928,0,0,0
1991179,1,2.289,3,-63.68,-53.914,0,0,0
1991180,1,1.661,3,-63.695,-53.904,0,0,0
1991181,1,0.636,3,-63.7,-53.9,0,0,0
1991182,1,1.171,3,-63.696,-53.922,0,0,0
1991183,1,3.029,3,-63.686,-53.979,0,0,0
1991184,1,4.185,3,-63.671,-54.057,0,0,0
1991185,1,4.634,3,-63.653,-54.143,0,0,0
1991186,1,4.389,3,-63.634,-54.221,0,0,0
1991187,1,3.479,3,-63.616,-54.278,0,0,0
1991188,1,2.087,3,-63.6,-54.3,0,0,0
1991258,70,118.065,3,-62.6,-53.5,0,0,0
1991259,1,5.343,3,-62.552,-53.503,0,0,0
1991260,1,8.596,3,-62.475,-53.513,0,0,0
1991261,1,10.439,3,-62.381,-53.527,0,0,0
1991262,1,10.839,3,-62.284,-53.544,0,0,0
1991263,1,9.797,3,-62.196,-53.563,0,0,0
1991264,1,7.34,3,-62.13,-53.582,0,0,0
1991265,1,3.484,3,-62.1,-53.6,0,0,0
1991293,28,38.081,3,-62,-54.3,0,0,0
1991314,21,43.218,3,-61.9,-55.1,0,0,0
1991315,1,3.523,3,-61.876,-55.056,0,0,0
1991316,1,7.848,3,-61.83,-54.941,0,0,0
1991317,1,10.44,3,-61.772,-54.785,0,0,0
1991318,1,11.248,3,-61.711,-54.615,0,0,0
1991319,1,10.276,3,-61.655,-54.459,0,0,0
1991320,1,7.488,3,-61.615,-54.344,0,0,0
1991321,1,2.897,3,-61.6,-54.3,0,0,0
1991342,21,5.281,3,-61.6,-54.4,0,0,0
1991365,23,49.12,3,-62,-54.8,0,0,0
1992019,19,39.351,3,-61.7,-55.2,0,0,0
1992033,14,24.56,3,-61.9,-55,0,0,0
1992085,52,339.367,129,-60.69,-49.15,0,0,0
1992086,1,0,129,-60.69,-49.15,0,0,0
1992087,1,0,129,-60.69,-49.15,0,0,0
1992088,1,0,129,-60.69,-49.15,0,0,0
1992089,1,0,129,-60.69,-49.15,0,0,0
1992090,1,0,129,-60.69,-49.15,0,0,0
1992091,1,0,129,-60.69,-49.15,0,0,0
1992092,1,0,129,-60.69,-49.15,0,0,0
1992093,1,0,129,-60.69,-49.15,0,0,0
1992094,1,0,129,-60.69,-49.15,0,0,0
1992095,1,0,129,-60.69,-49.15,0,0,0
1992096,1,0,129,-60.69,-49.15,0,0,0
1992097,1,0,129,-60.69,-49.15,0,0,0
1992098,1,0,129,-60.69,-49.15,0,0,0
1992099,1,0,129,-60.69,-49.15,0,0,0
1992100,1,0,129,-60.69,-49.15,0,0,0
1992101,1,0,129,-60.69,-49.15,0,0,0
1992102,1,0,129,-60.69,-49.15,0,0,0
1992103,1,0,129,-60.69,-49.15,0,0,0
1992104,1,0,129,-60.69,-49.15,0,0,0
1992105,1,0,129,-60.69,-49.15,0,0,0
1992106,1,0,129,-60.69,-49.15,0,0,0
1992107,1,0,129,-60.69,-49.15,0,0,0
1992108,1,0,129,-60.69,-49.15,0,0,0
1992109,1,0,129,-60.69,-49.15,0,0,0
1992110,1,0,129,-60.69,-49.15,0,0,0
1992111,1,0,129,-60.69,-49.15,0,0,0
1992112,1,0,129,-60.69,-49.15,0,0,0
1992113,1,0,129,-60.69,-49.15,0,0,0
1992114,1,0,129,-60.69,-49.15,0,0,0
1992115,1,0,129,-60.69,-49.15,0,0,0
1992116,1,0,129,-60.69,-49.15,0,0,0
1992117,1,0,129,-60.69,-49.15,0,0,0
1992118,1,0,129,-60.69,-49.15,0,0,0
1992119,1,0,129,-60.69,-49.15,0,0,0
1992120,1,0,129,-60.69,-49.15,0,0,0
1992121,1,0,129,-60.69,-49.15,0,0,0
1992122,1,0,129,-60.69,-49.15,0,0,0
1992123,1,0,129,-60.69,-49.15,0,0,0
1992124,1,5.374,129,-60.66,-49.228,0,0,0
1992125,1,10.761,129,-60.6,-49.383,0,0,0
1992126,1,10.769,129,-60.541,-49.539,0,0,0
1992127,1,5.389,129,-60.511,-49.616,0,0,0
1992128,1,0,129,-60.511,-49.616,0,0,0
1992129,1,0,129,-60.511,-49.616,0,0,0
1992130,1,6.214,129,-60.48,-49.521,0,0,0
1992131,1,12.428,129,-60.42,-49.33,0,0,0
1992132,1,12.456,129,-60.359,-49.139,0,0,0
1992133,1,6.228,129,-60.329,-49.044,0,0,0
1992134,1,0,129,-60.329,-49.044,0,0,0
1992135,1,0,129,-60.329,-49.044,0,0,0
1992136,1,4.918,129,-60.288,-49.009,0,0,0
1992137,1,9.851,129,-60.206,-48.939,0,0,0
1992138,1,9.845,129,-60.124,-48.87,0,0,0
1992139,1,4.925,129,-60.084,-48.835,0,0,0
1992140,1,0,129,-60.084,-48.835,0,0,0
1992141,1,0,129,-60.084,-48.835,0,0,0
1992142,1,1.614,129,-60.072,-48.818,0,0,0
1992143,1,3.238,129,-60.048,-48.783,0,0,0
1992144,1,3.236,129,-60.025,-48.748,0,0,0
1992145,1,6.756,129,-59.982,-48.662,0,0,0
1992146,1,10.348,129,-59.921,-48.522,0,0,0
1992147,1,10.359,129,-59.859,-48.383,0,0,0
1992148,1,5.181,129,-59.828,-48.313,0,0,0
1992149,1,0,129,-59.828,-48.313,0,0,0
1992150,1,0,129,-59.828,-48.313,0,0,0
1992151,1,12.738,129,-59.809,-48.088,0,0,0
1992152,1,25.499,129,-59.772,-47.638,0,0,0
1992153,1,25.531,129,-59.735,-47.187,0,0,0
1992154,1,18.785,129,-59.732,-46.852,0,0,0
1992155,1,12.815,129,-59.763,-46.631,0,0,0
1992156,1,12.804,129,-59.794,-46.41,0,0,0
1992157,1,25.412,129,-59.766,-45.959,0,0,0
1992158,1,37.412,129,-59.692,-45.307,0,0,0
1992159,1,39.917,129,-59.587,-44.627,0,0,0
1992160,1,33.035,129,-59.465,-44.092,0,0,0
1992161,1,28.613,129,-59.273,-43.754,0,0,0
1992162,1,28.693,129,-59.081,-43.417,0,0,0
1992163,1,16.976,129,-58.929,-43.396,0,0,0
1992164,1,21.128,129,-58.816,-43.692,0,0,0
1992165,1,21.179,129,-58.703,-43.988,0,0,0
1992166,1,14.386,129,-58.637,-44.202,0,0,0
1992167,1,7.967,129,-58.618,-44.335,0,0,0
1992168,1,7.977,129,-58.599,-44.469,0,0,0
1992169,1,7.389,129,-58.565,-44.578,0,0,0
1992170,1,7.399,129,-58.516,-44.664,0,0,0
1992171,1,7.42,129,-58.467,-44.75,0,0,0
1992172,1,7.173,129,-58.403,-44.725,0,0,0
1992173,1,11.716,129,-58.326,-44.588,0,0,0
1992174,1,11.728,129,-58.249,-44.451,0,0,0
1992175,1,5.037,129,-58.249,-44.364,0,0,0
1992176,1,8.825,129,-58.326,-44.329,0,0,0
1992177,1,8.813,129,-58.404,-44.294,0,0,0
1992178,1,2.188,129,-58.41,-44.33,0,0,0
1992179,1,9.442,129,-58.346,-44.436,0,0,0
1992180,1,9.453,129,-58.281,-44.542,0,0,0
1992181,1,9.457,129,-58.217,-44.648,0,0,0
1992182,1,9.46,129,-58.153,-44.754,0,0,0
1992183,1,9.48,129,-58.089,-44.86,0,0,0
1992184,1,6.228,129,-58.037,-44.9,0,0,0
1992185,1,4.717,129,-57.997,-44.873,0,0,0
1992186,1,4.695,129,-57.957,-44.846,0,0,0
1992187,1,2.578,129,-57.934,-44.848,0,0,0
1992188,1,1.906,129,-57.927,-44.878,0,0,0
1992189,1,1.903,129,-57.921,-44.908,0,0,0
1992190,1,0.953,129,-57.918,-44.923,0,0,0
1992191,1,0,129,-57.918,-44.923,0,0,0
1992192,1,0,129,-57.918,-44.923,0,0,0
1992193,1,0,129,-57.918,-44.923,0,0,0
1992194,1,0,129,-57.918,-44.923,0,0,0
1992195,1,0,129,-57.918,-44.923,0,0,0
1992196,1,2.178,129,-57.926,-44.89,0,0,0
1992197,1,4.354,129,-57.944,-44.824,0,0,0
1992198,1,4.352,129,-57.962,-44.758,0,0,0
1992199,1,4.351,129,-57.98,-44.692,0,0,0
1992200,1,4.349,129,-57.997,-44.626,0,0,0
1992201,1,4.347,129,-58.015,-44.56,0,0,0
1992202,1,4.346,129,-58.033,-44.494,0,0,0
1992203,1,4.344,129,-58.05,-44.428,0,0,0
1992204,1,4.342,129,-58.068,-44.363,0,0,0
1992205,1,4.34,129,-58.086,-44.297,0,0,0
1992206,1,4.339,129,-58.103,-44.231,0,0,0
1992207,1,4.337,129,-58.121,-44.165,0,0,0
1992208,1,4.335,129,-58.139,-44.099,0,0,0
1992209,1,4.333,129,-58.156,-44.033,0,0,0
1992210,1,4.332,129,-58.174,-43.967,0,0,0
1992211,1,4.33,129,-58.192,-43.901,0,0,0
1992212,1,4.328,129,-58.209,-43.835,0,0,0
1992213,1,4.327,129,-58.227,-43.769,0,0,0
1992214,1,2.163,129,-58.236,-43.736,0,0,0
1992215,1,0,129,-58.236,-43.736,0,0,0
1992216,1,0,129,-58.236,-43.736,0,0,0
1992217,1,7.735,129,-58.174,-43.677,0,0,0
1992218,1,15.498,129,-58.049,-43.558,0,0,0
1992219,1,15.499,129,-57.925,-43.439,0,0,0
1992220,1,14.257,129,-57.8,-43.383,0,0,0
1992221,1,13.922,129,-57.674,-43.39,0,0,0
1992222,1,13.933,129,-57.549,-43.398,0,0,0
1992223,1,11.373,129,-57.447,-43.381,0,0,0
1992224,1,9.073,129,-57.368,-43.339,0,0,0
1992225,1,9.075,129,-57.29,-43.298,0,0,0
1992226,1,4.538,129,-57.251,-43.277,0,0,0
1992227,1,0,129,-57.251,-43.277,0,0,0
1992228,1,0,129,-57.251,-43.277,0,0,0
1992229,1,14.901,129,-57.231,-43.032,0,0,0
1992230,1,29.834,129,-57.19,-42.541,0,0,0
1992231,1,29.866,129,-57.15,-42.051,0,0,0
1992232,1,14.941,129,-57.13,-41.806,0,0,0
1992233,1,0,129,-57.13,-41.806,0,0,0
1992234,1,0,129,-57.13,-41.806,0,0,0
1992235,1,0,129,-57.13,-41.806,0,0,0
1992236,1,0,129,-57.13,-41.806,0,0,0
1992237,1,0,129,-57.13,-41.806,0,0,0
1992238,1,0,129,-57.13,-41.806,0,0,0
1992239,1,0,129,-57.13,-41.806,0,0,0
1992240,1,0,129,-57.13,-41.806,0,0,0
1992241,1,15.566,129,-57.144,-41.549,0,0,0
1992242,1,34.219,129,-57.174,-40.983,0,0,0
1992243,1,34.191,129,-57.203,-40.418,0,0,0
1992244,1,15.535,129,-57.217,-40.161,0,0,0
1992245,1,0,129,-57.217,-40.161,0,0,0
1992246,1,0,129,-57.217,-40.161,0,0,0
1992247,1,7.111,129,-57.281,-40.151,0,0,0
1992248,1,14.222,129,-57.408,-40.13,0,0,0
1992249,1,14.221,129,-57.536,-40.11,0,0,0
1992250,1,7.966,129,-57.606,-40.135,0,0,0
1992251,1,4.39,129,-57.62,-40.204,0,0,0
1992252,1,4.391,129,-57.634,-40.274,0,0,0
1992253,1,1.443,129,-57.629,-40.296,0,0,0
1992254,1,2.897,129,-57.606,-40.272,0,0,0
1992255,1,2.888,129,-57.584,-40.248,0,0,0
1992256,1,2.898,129,-57.561,-40.224,0,0,0
1992257,1,2.889,129,-57.538,-40.2,0,0,0
1992258,1,2.899,129,-57.516,-40.176,0,0,0
1992259,1,16.158,129,-57.484,-39.912,0,0,0
1992260,1,30.48,129,-57.445,-39.407,0,3404.42,0
1992261,1,30.517,129,-57.405,-38.902,0,3404.42,0
1992262,1,15.271,129,-57.385,-38.65,0,3404.42,0
1992263,1,0,129,-57.385,-38.65,0,3404.42,0
1992264,1,0,129,-57.385,-38.65,0,3404.42,0
1992265,1,14.029,129,-57.26,-38.611,0,3404.42,0
1992266,1,28.073,129,-57.011,-38.534,0,3404.42,0
1992267,1,28.068,129,-56.762,-38.457,0,3404.42,0
1992268,1,23.063,129,-56.555,-38.414,0,3404.42,0
1992269,1,18.179,129,-56.392,-38.404,0,3404.42,0
1992270,1,18.168,129,-56.228,-38.394,0,3404.42,0
1992271,1,9.079,129,-56.147,-38.389,0,3404.42,0
1992272,1,0,129,-56.147,-38.389,0,3404.42,0
1992273,1,0,129,-56.147,-38.389,0,3404.42,0
1992278,5,438.484,3,-57.9,-44.9,0,3404.42,0
1992292,14,20.878,3,-58,-44.6,1,3404.42,0
1992313,21,22.972,3,-58.2,-44.7,1,3404.42,0
1992334,21,102.717,3,-57.3,-44.3,1,3404.42,0
